74365
74364
74365
74366
74364
74364
74364
74365
74365
74364
74365
74363
74361
74361
74362
74363
74362
74365
74364
74364
74364
74364
74364
74364
74364
74364
74365
74365
74364
74363
74363
74363
74363
74363
74363
74363
74363
74363
74363
74362
74363
74363
74363
74362
74362
74362
74359
74357
74358
74358
74358
74359
74359
74359
74359
74359
74359
74358
74359
74361
74362
74362
74361
74360
74363
74365
74365
74364
74364
74364
74364
74364
74364
74364
74365
74365
74364
74364
74364
74365
74364
74366
74369
74369
74369
74369
74369
74369
74369
74369
74372
74372
74372
74372
74372
74374
74371
74370
74370
74370
74370
74370
74371
74373
74374
74375
74375
74375
74377
74376
74375
74378
74378
74374
74376
74375
74375
74374
74374
74375
74375
74375
74375
74375
74375
74375
74375
74370
74359
74358
74357
74355
74357
74357
74358
74357
74353
74350
74349
74350
74349
74349
74350
74350
74350
74349
74349
74349
74349
74349
74349
74349
74347
74349
74350
74350
74348
74350
74349
74349
74355
74355
74356
74359
74358
74358
74358
74357
74357
74357
74357
74357
74354
74353
74353
74353
74354
74354
74355
74357
74357
74357
74357
74356
74356
74355
74357
74357
74357
74355
74357
74357
74359
74359
74359
74359
74359
74359
74357
74356
74356
74356
74356
74358
74358
74357
74357
74356
74358
74359
74358
74357
74357
74357
74357
74357
74357
74352
74343
74342
74341
74341
74341
74341
74341
74342
74342
74342
74342
74342
74342
74342
74342
74342
74342
74342
74342
74342
74339
74338
74332
74327
74327
74327
74326
74326
74326
74328
74328
74329
74329
74328
74328
74328
74329
74329
74338
74339
74339
74330
74334
74334
74338
74339
74339
74338
74338
74338
74337
74335
74334
74337
74336
74333
74334
74337
74336
74337
74335
74339
74340
74338
74338
74338
74338
74338
74338
74337
74337
74337
74337
74338
74331
74327
74326
74326
74326
74325
74325
74325
74325
74329
74331
74331
74333
74333
74333
74333
74333
74333
74333
74333
74333
74333
74333
74333
74333
74333
74333
74337
74337
74338
74338
74338
74338
74338
74337
74337
74337
74342
74345
74345
74347
74347
74345
74345
74343
74340
74342
74342
74339
74340
74339
74339
74339
74339
74339
74341
74337
74337
74337
74338
74337
74337
74337
74337
74337
74337
74337
74337
74337
74335
74332
74327
74327
74326
74326
74326
74326
74326
74326
74325
74325
74328
74328
74330
74330
74332
74331
74331
74331
74332
74337
74337
74338
74338
74342
74342
74342
74341
74340
74342
74342
74342
74342
74342
74344
74344
74344
74344
74344
74346
74346
74346
74348
74349
74350
74350
74351
74351
74351
74353
74350
74349
74349
74349
74350
74350
74350
74350
74350
74350
74350
74350
74351
74353
74353
74352
74352
74354
74354
74356
74356
74359
74359
74360
74358
74358
74358
74358
74357
74357
74357
74351
74351
74351
74350
74350
74350
74350
74350
74350
74350
74350
74350
74350
74350
74350
74351
74351
74351
74352
74353
74354
74355
74356
74356
74353
74353
74353
74353
74353
74354
74355
74357
74357
74358
74358
74358
74357
74357
74356
74356
74356
74356
74355
74355
74355
74355
74355
74355
74355
74356
74357
74358
74357
74357
74357
74354
74350
74350
74349
74348
74348
74348
74348
74350
74352
74354
74355
74355
74356
74358
74357
74356
74355
74355
74355
74355
74357
74356
74355
74355
74355
74355
74354
74354
74347
74347
74348
74348
74348
74348
74348
74348
74349
74349
74349
74349
74349
74349
74349
74356
74358
74358
74358
74356
74358
74358
74358
74356
74356
74357
74357
74358
74359
74360
74360
74360
74359
74358
74358
74361
74361
74361
74361
74359
74360
74360
74359
74358
74357
74356
74356
74356
74354
74354
74352
74352
74355
74355
74357
74359
74359
74359
74358
74358
74358
74357
74357
74354
74354
74354
74354
74354
74355
74356
74356
74356
74351
74345
74345
74344
74346
74348
74348
74348
74344
74344
74342
74339
74339
74339
74338
74338
74340
74341
74339
74338
74336
74331
74330
74330
74330
74334
74333
74335
74336
74338
74341
74341
74343
74343
74342
74343
74343
74344
74343
74340
74336
74336
74330
74330
74330
74330
74330
74330
74330
74330
74327
74326
74325
74326
74326
74326
74322
74322
74322
74324
74325
74326
74327
74327
74327
74326
74327
74327
74330
74330
74329
74329
74328
74328
74328
74326
74328
74327
74326
74326
74325
74327
74328
74328
74328
74328
74328
74329
74329
74331
74331
74333
74333
74333
74333
74336
74336
74338
74338
74340
74340
74340
74342
74341
74340
74340
74340
74339
74338
74335
74335
74335
74335
74337
74336
74336
74335
74330
74330
74329
74329
74329
74330
74330
74331
74334
74335
74336
74336
74336
74336
74334
74334
74338
74339
74336
74337
74338
74339
74340
74331
74331
74325
74323
74323
74323
74323
74323
74322
74321
74324
74325
74329
74329
74329
74330
74330
74333
74331
74330
74330
74330
74329
74330
74330
74330
74330
74331
74331
74331
74330
74329
74329
74329
74329
74329
74329
74329
74328
74328
74330
74332
74332
74332
74332
74332
74332
74332
74332
74332
74332
74328
74325
74326
74326
74326
74326
74326
74328
74331
74331
74331
74331
74331
74331
74332
74332
74332
74332
74333
74333
74333
74333
74333
74333
74333
74333
74333
74333
74333
74330
74329
74325
74328
74329
74330
74329
74329
74329
74329
74331
74331
74331
74330
74331
74331
74331
74331
74332
74333
74331
74331
74332
74332
74332
74332
74332
74332
74333
74336
74337
74337
74336
74335
74334
74333
74331
74332
74331
74330
74330
74330
74329
74328
74327
74328
74328
74329
74328
74327
74327
74326
74326
74325
74325
74325
74326
74326
74326
74327
74327
74327
74327
74327
74327
74327
74327
74327
74328
74328
74328
74327
74327
74327
74327
74327
74327
74327
74327
74326
74326
74318
74315
74316
74317
74317
74317
74317
74317
74316
74314
74314
74315
74315
74315
74315
74315
74311
74311
74308
74308
74308
74305
74303
74302
74304
74306
74307
74308
74309
74309
74309
74309
74309
74308
74307
74307
74307
74307
74307
74307
74308
74308
74308
74308
74308
74307
74307
74307
74307
74308
74307
74307
74307
74307
74307
74307
74307
74308
74308
74309
74311
74312
74312
74311
74310
74309
74309
74309
74310
74308
74307
74307
74307
74309
74308
74308
74307
74312
74312
74312
74308
74308
74308
74309
74309
74307
74306
74306
74306
74301
74301
74294
74294
74297
74300
74300
74300
74300
74298
74300
74301
74303
74303
74303
74303
74303
74308
74305
74303
74303
74302
74302
74302
74301
74301
74301
74301
74301
74301
74301
74300
74305
74307
74306
74306
74306
74306
74307
74307
74311
74311
74311
74310
74311
74311
74309
74311
74316
74314
74314
74317
74315
74312
74312
74312
74315
74315
74315
74315
74315
74314
74314
74315
74315
74315
74315
74315
74317
74323
74323
74323
74324
74326
74327
74327
74329
74328
74327
74327
74326
74326
74326
74326
74326
74326
74327
74328
74328
74328
74328
74328
74334
74333
74331
74331
74331
74331
74331
74329
74331
74331
74328
74327
74329
74328
74328
74331
74329
74329
74329
74329
74329
74327
74327
74329
74329
74329
74329
74329
74327
74327
74327
74327
74326
74325
74322
74320
74320
74321
74321
74322
74322
74322
74327
74330
74330
74330
74333
74332
74332
74332
74332
74332
74332
74332
74332
74329
74330
74330
74330
74330
74331
74330
74330
74330
74330
74331
74332
74332
74330
74332
74332
74338
74337
74337
74337
74337
74337
74337
74337
74339
74339
74339
74339
74341
74341
74341
74341
74340
74340
74346
74346
74346
74347
74348
74347
74347
74347
74348
74349
74349
74349
74349
74349
74357
74357
74358
74358
74359
74358
74358
74358
74358
74358
74358
74358
74358
74358
74357
74357
74358
74358
74358
74353
74354
74355
74355
74359
74361
74362
74362
74362
74362
74362
74362
74363
74361
74363
74363
74363
74362
74362
74363
74363
74362
74360
74359
74360
74359
74357
74352
74351
74351
74352
74351
74352
74353
74353
74353
74351
74351
74351
74351
74351
74350
74347
74346
74347
74347
74347
74347
74345
74345
74345
74344
74344
74343
74343
74343
74343
74343
74343
74341
74341
74341
74341
74341
74341
74341
74341
74341
74331
74343
74342
74343
74343
74342
74342
74342
74342
74341
74341
74342
74341
74341
74341
74342
74342
74342
74342
74343
74341
74338
74336
74330
74330
74330
74330
74330
74330
74333
74333
74333
74332
74331
74331
74331
74331
74330
74330
74330
74329
74329
74329
74325
74325
74325
74325
74326
74328
74328
74327
74328
74326
74326
74321
74321
74319
74318
74314
74315
74318
74318
74319
74319
74319
74319
74317
74317
74317
74315
74313
74313
74309
74312
74311
74310
74313
74315
74315
74315
74315
74314
74315
74315
74315
74315
74315
74315
74315
74316
74317
74316
74316
74316
74317
74316
74321
74322
74323
74323
74324
74324
74325
74325
74325
74324
74325
74325
74326
74326
74326
74325
74327
74328
74328
74328
74329
74329
74330
74329
74329
74329
74329
74329
74329
74332
74330
74331
74332
74332
74331
74331
74331
74331
74328
74330
74332
74332
74335
74338
74338
74338
74338
74338
74338
74338
74338
74338
74337
74337
74336
74336
74335
74333
74334
74335
74335
74335
74332
74332
74333
74334
74338
74338
74347
74346
74341
74339
74338
74339
74339
74340
74339
74336
74336
74336
74338
74340
74341
74335
74333
74334
74331
74331
74331
74331
74331
74331
74332
74329
74329
74329
74328
74328
74327
74327
74327
74331
74331
74331
74331
74330
74330
74332
74334
74333
74333
74335
74334
74334
74328
74328
74327
74326
74326
74326
74326
74329
74329
74329
74329
74329
74329
74328
74330
74330
74330
74331
74331
74335
74336
74336
74335
74335
74336
74336
74334
74334
74335
74337
74334
74334
74336
74335
74335
74335
74334
74339
74340
74336
74334
74334
74333
74332
74331
74330
74329
74329
74330
74330
74329
74329
74329
74329
74329
74329
74329
74328
74327
74327
74325
74325
74326
74327
74327
74328
74328
74327
74328
74326
74328
74329
74330
74330
74330
74330
74331
74331
74331
74330
74331
74331
74331
74331
74331
74331
74329
74330
74326
74326
74325
74323
74322
74321
74322
74319
74320
74320
74320
74321
74317
74317
74319
74319
74319
74320
74319
74320
74320
74320
74318
74317
74317
74317
74317
74317
74315
74315
74315
74315
74313
74313
74314
74313
74315
74315
74315
74311
74315
74319
74319
74319
74319
74319
74319
74319
74319
74319
74319
74319
74319
74319
74319
74319
74319
74319
74320
74320
74320
74321
74321
74321
74321
74321
74321
74321
74322
74322
74328
74328
74327
74326
74326
74327
74326
74326
74325
74325
74325
74325
74325
74325
74323
74323
74322
74322
74321
74322
74320
74320
74320
74319
74316
74315
74313
74313
74312
74316
74316
74316
74317
74315
74311
74311
74311
74312
74312
74311
74311
74309
74310
74310
74310
74310
74311
74311
74310
74310
74311
74312
74312
74311
74311
74312
74310
74308
74308
74303
74299
74306
74306
74307
74308
74309
74310
74310
74308
74307
74307
74307
74307
74309
74309
74307
74306
74306
74306
74309
74309
74309
74309
74308
74310
74310
74310
74309
74309
74311
74310
74310
74310
74310
74310
74310
74310
74310
74310
74310
74310
74310
74311
74313
74313
74308
74310
74310
74310
74310
74310
74312
74312
74312
74312
74313
74312
74311
74312
74312
74315
74317
74322
74319
74322
74322
74323
74322
74322
74322
74323
74324
74325
74325
74325
74325
74329
74329
74329
74329
74332
74332
74332
74332
74332
74334
74332
74327
74323
74324
74324
74324
74324
74324
74324
74324
74325
74332
74333
74332
74333
74333
74333
74332
74338
74338
74338
74338
74334
74335
74335
74334
74334
74335
74337
74337
74336
74334
74327
74326
74326
74327
74327
74328
74328
74329
74329
74329
74330
74330
74330
74329
74328
74327
74327
74328
74328
74327
74328
74329
74332
74333
74333
74333
74333
74330
74330
74336
74336
74336
74336
74336
74337
74338
74338
74339
74338
74336
74334
74334
74334
74338
74338
74338
74340
74341
74341
74343
74342
74342
74344
74346
74345
74345
74345
74345
74345
74345
74345
74345
74345
74347
74349
74348
74346
74346
74346
74348
74349
74349
74348
74348
74349
74348
74348
74348
74348
74348
74348
74349
74351
74351
74353
74352
74351
74353
74353
74354
74354
74354
74352
74350
74352
74352
74354
74354
74354
74354
74353
74352
74350
74350
74350
74352
74352
74352
74353
74353
74353
74353
74353
74353
74353
74353
74353
74353
74353
74353
74353
74353
74353
74353
74353
74353
74353
74353
74353
74353
74353
74353
74353
74373
74373
74373
74373
74374
74378
74378
74374
74380
74380
74380
74380
74379
74383
74384
74387
74388
74388
74384
74385
74386
74386
74386
74386
74386
74385
74383
74382
74383
74383
74383
74382
74382
74382
74381
74381
74381
74377
74379
74379
74378
74376
74376
74376
74377
74377
74380
74384
74383
74381
74379
74379
74379
74379
74382
74388
74386
74383
74384
74387
74392
74391
74391
74388
74386
74385
74385
74388
74385
74384
74382
74383
74384
74382
74382
74382
74378
74376
74375
74374
74368
74368
74364
74365
74365
74365
74365
74365
74365
74368
74370
74370
74368
74366
74367
74368
74368
74367
74368
74365
74364
74364
74366
74363
74362
74362
74361
74358
74358
74345
74345
74345
74344
74343
74342
74344
74344
74344
74344
74345
74344
74344
74342
74338
74337
74337
74339
74331
74331
74337
74337
74337
74337
74337
74337
74332
74332
74337
74334
74334
74334
74334
74334
74334
74334
74334
74334
74334
74334
74334
74334
74334
74334
74334
74334
74334
74334
74334
74334
74349
74342
74342
74342
74341
74340
74339
74336
74337
74337
74338
74338
74343
74342
74343
74343
74344
74347
74348
74348
74348
74348
74345
74344
74343
74343
74344
74344
74341
74338
74339
74339
74337
74337
74336
74336
74336
74336
74336
74334
74333
74333
74333
74333
74333
74333
74333
74333
74333
74333
74333
74333
74333
74333
74333
74333
74333
74333
74333
74341
74342
74342
74343
74344
74344
74343
74342
74343
74344
74344
74344
74344
74343
74343
74342
74342
74342
74342
74342
74346
74346
74346
74346
74347
74347
74347
74347
74347
74347
74345
74345
74348
74350
74350
74348
74346
74346
74346
74344
74344
74344
74344
74344
74344
74344
74347
74347
74347
74347
74345
74344
74344
74344
74345
74345
74346
74347
74347
74347
74349
74349
74349
74349
74353
74353
74353
74352
74352
74352
74352
74350
74350
74347
74347
74349
74349
74351
74352
74352
74353
74356
74356
74358
74358
74362
74363
74364
74366
74364
74364
74364
74364
74364
74364
74364
74367
74372
74373
74374
74373
74374
74374
74374
74374
74374
74374
74374
74374
74374
74374
74374
74374
74383
74378
74373
74373
74373
74373
74373
74374
74374
74375
74370
74370
74370
74364
74363
74363
74363
74363
74363
74363
74363
74364
74367
74367
74368
74368
74369
74369
74368
74369
74370
74370
74369
74370
74369
74369
74369
74370
74371
74370
74373
74374
74374
74374
74374
74378
74377
74377
74380
74379
74379
74382
74382
74382
74382
74384
74388
74388
74388
74388
74387
74387
74387
74387
74384
74381
74380
74380
74380
74382
74382
74378
74378
74378
74379
74379
74374
74369
74369
74370
74364
74367
74367
74367
74367
74367
74367
74367
74368
74368
74368
74368
74372
74372
74372
74372
74371
74371
74371
74371
74377
74378
74379
74379
74381
74380
74380
74381
74380
74380
74381
74382
74383
74383
74383
74383
74382
74382
74383
74383
74380
74374
74374
74378
74379
74379
74379
74379
74379
74379
74379
74379
74379
74379
74379
74379
74380
74380
74380
74380
74379
74380
74380
74380
74380
74372
74372
74373
74375
74375
74375
74375
74377
74368
74369
74370
74372
74372
74372
74372
74373
74373
74373
74373
74373
74373
74373
74374
74375
74375
74377
74376
74376
74379
74379
74379
74379
74379
74380
74380
74374
74371
74370
74368
74368
74370
74370
74371
74371
74373
74372
74372
74372
74372
74373
74374
74374
74374
74374
74374
74374
74375
74375
74375
74375
74375
74375
74375
74375
74377
74376
74376
74376
74380
74380
74380
74379
74378
74376
74376
74374
74377
74376
74376
74380
74381
74381
74382
74382
74386
74386
74385
74385
74385
74385
74385
74385
74385
74385
74385
74385
74385
74385
74381
74378
74378
74378
74373
74371
74370
74370
74370
74370
74370
74370
74370
74369
74373
74373
74373
74373
74374
74374
74373
74373
74376
74378
74376
74375
74378
74379
74380
74381
74380
74380
74379
74380
74381
74381
74381
74383
74385
74384
74383
74384
74381
74380
74379
74381
74380
74381
74381
74380
74380
74382
74383
74383
74383
74384
74384
74384
74384
74384
74384
74385
74385
74385
74385
74381
74380
74383
74383
74384
74382
74383
74383
74383
74382
74383
74382
74382
74382
74380
74381
74381
74378
74380
74383
74384
74384
74384
74381
74378
74378
74377
74378
74379
74378
74378
74378
74383
74383
74383
74381
74379
74379
74381
74381
74374
74373
74375
74374
74374
74380
74382
74383
74383
74383
74383
74386
74387
74384
74384
74384
74383
74386
74387
74389
74390
74389
74389
74383
74382
74378
74377
74377
74377
74378
74378
74379
74378
74379
74383
74382
74369
74370
74371
74372
74369
74369
74369
74369
74367
74368
74368
74369
74369
74369
74367
74363
74363
74362
74362
74358
74358
74358
74360
74362
74362
74362
74362
74362
74365
74359
74359
74359
74358
74358
74358
74358
74356
74354
74350
74350
74350
74351
74352
74352
74353
74355
74355
74355
74353
74353
74365
74367
74367
74366
74366
74366
74367
74367
74367
74367
74368
74367
74367
74368
74368
74369
74370
74370
74368
74368
74366
74366
74368
74368
74368
74368
74367
74379
74379
74380
74380
74380
74380
74376
74376
74376
74376
74376
74376
74377
74377
74376
74380
74380
74381
74381
74381
74382
74382
74382
74382
74381
74381
74381
74381
74381
74381
74380
74380
74380
74380
74379
74379
74379
74379
74379
74378
74380
74380
74380
74380
74380
74380
74380
74382
74382
74383
74385
74385
74385
74386
74386
74386
74386
74387
74388
74388
74388
74389
74389
74383
74383
74383
74381
74384
74382
74381
74381
74382
74383
74383
74382
74383
74384
74384
74384
74384
74384
74385
74385
74385
74384
74384
74384
74384
74383
74387
74388
74387
74390
74390
74395
74399
74399
74399
74399
74399
74398
74395
74397
74395
74396
74398
74399
74398
74398
74398
74397
74397
74397
74397
74397
74397
74397
74397
74397
74397
74397
74397
74398
74398
74398
74397
74398
74398
74393
74391
74391
74386
74385
74386
74385
74388
74391
74390
74390
74390
74390
74390
74391
74391
74391
74391
74391
74392
74392
74392
74387
74387
74388
74387
74387
74387
74387
74382
74382
74382
74385
74386
74386
74386
74385
74383
74383
74383
74387
74388
74387
74388
74388
74388
74386
74386
74387
74387
74383
74386
74386
74386
74386
74387
74387
74387
74387
74387
74387
74387
74389
74390
74391
74391
74392
74392
74396
74396
74396
74395
74395
74395
74395
74393
74394
74395
74395
74395
74392
74390
74388
74386
74383
74382
74383
74382
74382
74382
74383
74382
74383
74383
74383
74380
74380
74380
74376
74377
74377
74377
74377
74378
74380
74380
74380
74380
74381
74379
74379
74381
74381
74381
74380
74381
74381
74381
74385
74386
74386
74386
74388
74388
74388
74390
74390
74389
74390
74390
74390
74388
74389
74389
74389
74389
74389
74391
74391
74391
74391
74390
74390
74389
74385
74387
74387
74386
74382
74382
74372
74374
74375
74375
74375
74377
74378
74376
74375
74376
74376
74376
74374
74373
74373
74374
74374
74374
74376
74376
74376
74378
74378
74378
74377
74378
74374
74374
74374
74374
74373
74374
74374
74374
74371
74370
74370
74369
74368
74368
74368
74369
74370
74370
74369
74369
74369
74370
74369
74369
74369
74369
74369
74369
74370
74369
74368
74363
74362
74362
74362
74362
74360
74360
74360
74356
74355
74355
74352
74352
74348
74349
74351
74350
74350
74348
74347
74347
74346
74346
74346
74347
74347
74347
74347
74347
74347
74348
74348
74352
74354
74354
74352
74353
74353
74353
74353
74354
74354
74354
74354
74356
74356
74358
74358
74358
74358
74358
74358
74358
74358
74358
74358
74358
74358
74358
74358
74358
74358
74358
74358
74356
74356
74357
74357
74358
74358
74358
74359
74358
74362
74362
74360
74362
74364
74366
74366
74366
74367
74365
74365
74364
74364
74364
74364
74364
74365
74365
74364
74365
74366
74366
74366
74366
74366
74367
74367
74367
74367
74367
74366
74367
74369
74367
74368
74367
74367
74368
74368
74368
74368
74368
74368
74368
74368
74368
74368
74369
74369
74369
74369
74369
74369
74365
74363
74363
74363
74363
74363
74364
74362
74357
74356
74356
74356
74356
74355
74356
74357
74360
74359
74359
74358
74361
74361
74361
74361
74362
74362
74362
74363
74363
74364
74364
74364
74364
74364
74362
74362
74363
74364
74363
74363
74363
74363
74362
74363
74363
74363
74363
74363
74363
74363
74363
74363
74363
74365
74364
74365
74365
74367
74368
74368
74367
74366
74365
74367
74368
74368
74368
74368
74370
74370
74371
74371
74372
74372
74372
74372
74372
74374
74376
74376
74376
74375
74376
74374
74373
74373
74372
74372
74372
74370
74370
74370
74370
74370
74371
74372
74372
74372
74372
74372
74372
74372
74370
74370
74373
74374
74374
74373
74370
74370
74370
74369
74369
74369
74368
74369
74369
74369
74369
74369
74369
74368
74367
74367
74367
74368
74368
74368
74368
74368
74368
74366
74366
74366
74366
74368
74368
74368
74369
74369
74369
74369
74369
74365
74364
74363
74361
74361
74361
74361
74361
74361
74361
74361
74361
74361
74361
74361
74361
74361
74361
74362
74363
74363
74361
74360
74360
74361
74361
74361
74361
74361
74361
74361
74361
74362
74362
74362
74366
74366
74366
74359
74359
74359
74362
74362
74362
74362
74362
74362
74362
74359
74366
74362
74359
74360
74360
74360
74360
74360
74359
74359
74356
74356
74356
74355
74355
74355
74358
74359
74357
74358
74358
74358
74358
74358
74355
74356
74356
74356
74358
74358
74360
74359
74359
74358
74358
74359
74360
74361
74361
74362
74362
74362
74362
74361
74360
74360
74359
74358
74359
74354
74354
74354
74354
74354
74354
74354
74354
74354
74354
74354
74351
74349
74349
74349
74349
74348
74347
74347
74344
74343
74343
74344
74344
74344
74343
74343
74343
74339
74339
74339
74336
74336
74335
74335
74335
74333
74332
74333
74333
74333
74332
74331
74331
74331
74331
74328
74328
74326
74326
74327
74327
74327
74327
74328
74327
74331
74331
74330
74330
74330
74330
74330
74330
74333
74333
74333
74334
74333
74333
74331
74332
74334
74337
74336
74335
74334
74334
74334
74335
74335
74335
74335
74335
74336
74337
74338
74338
74337
74336
74336
74335
74335
74332
74330
74329
74328
74328
74328
74328
74328
74329
74329
74329
74329
74328
74329
74329
74329
74329
74329
74336
74337
74336
74337
74337
74336
74335
74334
74338
74341
74341
74342
74341
74340
74341
74342
74342
74341
74340
74338
74338
74336
74337
74336
74335
74335
74337
74337
74337
74339
74339
74338
74337
74336
74336
74336
74336
74336
74337
74336
74336
74336
74332
74330
74328
74328
74329
74329
74329
74332
74331
74331
74333
74334
74334
74334
74334
74334
74334
74337
74337
74335
74336
74336
74336
74335
74335
74335
74341
74341
74342
74342
74342
74340
74340
74341
74342
74341
74340
74341
74341
74341
74342
74343
74340
74340
74340
74340
74340
74342
74342
74344
74344
74344
74344
74344
74342
74342
74342
74342
74342
74342
74342
74343
74343
74342
74342
74342
74342
74342
74343
74343
74345
74344
74344
74344
74345
74346
74346
74346
74346
74347
74348
74347
74347
74345
74345
74343
74343
74343
74342
74341
74339
74339
74338
74338
74338
74338
74338
74339
74336
74335
74335
74335
74335
74335
74335
74338
74338
74338
74336
74335
74335
74336
74336
74336
74334
74334
74334
74334
74334
74335
74335
74335
74335
74337
74337
74337
74337
74337
74337
74337
74337
74338
74338
74337
74337
74337
74338
74338
74338
74338
74338
74338
74338
74338
74339
74338
74337
74339
74338
74337
74336
74335
74335
74334
74333
74333
74333
74333
74333
74332
74332
74332
74332
74333
74333
74333
74333
74333
74333
74333
74333
74333
74333
74333
74333
74332
74332
74332
74332
74333
74333
74333
74333
74335
74335
74334
74334
74334
74334
74334
74334
74333
74333
74333
74333
74333
74333
74333
74333
74333
74333
74333
74333
74333
74333
74336
74336
74335
74334
74334
74334
74335
74335
74335
74334
74334
74333
74333
74333
74333
74330
74329
74328
74328
74328
74328
74328
74328
74329
74331
74333
74333
74333
74333
74332
74332
74332
74331
74331
74331
74331
74331
74328
74328
74328
74327
74325
74325
74323
74328
74330
74331
74331
74331
74331
74332
74332
74332
74332
74329
74328
74327
74327
74327
74327
74327
74328
74328
74328
74328
74328
74328
74328
74328
74326
74326
74326
74326
74326
74326
74326
74326
74326
74325
74325
74325
74325
74325
74326
74327
74327
74327
74326
74326
74326
74325
74323
74323
74323
74323
74322
74322
74322
74322
74322
74322
74322
74321
74321
74317
74317
74320
74320
74320
74320
74320
74323
74323
74323
74324
74324
74323
74324
74324
74324
74324
74324
74324
74324
74322
74323
74324
74324
74325
74325
74327
74327
74327
74331
74334
74332
74336
74336
74338
74340
74338
74338
74345
74347
74345
74345
74345
74345
74347
74347
74347
74347
74350
74349
74347
74347
74347
74347
74347
74347
74347
74347
74347
74346
74346
74346
74346
74344
74345
74346
74346
74346
74346
74346
74346
74340
74338
74335
74335
74334
74333
74334
74336
74337
74337
74337
74340
74340
74341
74339
74338
74334
74334
74334
74334
74334
74334
74334
74334
74335
74335
74335
74335
74335
74336
74336
74336
74336
74336
74337
74338
74338
74338
74338
74338
74338
74338
74338
74338
74338
74338
74338
74338
74338
74343
74343
74343
74343
74345
74345
74345
74345
74345
74345
74344
74344
74344
74344
74342
74342
74342
74341
74341
74338
74338
74338
74339
74339
74340
74342
74342
74341
74341
74342
74342
74341
74340
74341
74336
74334
74330
74329
74329
74330
74331
74331
74329
74330
74330
74329
74329
74329
74329
74329
74329
74327
74325
74325
74325
74325
74325
74326
74326
74326
74324
74326
74326
74326
74326
74326
74327
74327
74327
74327
74327
74327
74327
74327
74325
74327
74329
74329
74329
74329
74332
74332
74332
74333
74334
74334
74334
74334
74337
74336
74333
74333
74331
74331
74333
74330
74329
74329
74329
74328
74328
74328
74331
74332
74333
74333
74333
74334
74335
74335
74335
74334
74334
74334
74333
74333
74332
74332
74331
74336
74339
74340
74340
74340
74340
74338
74339
74339
74339
74340
74339
74339
74339
74338
74338
74341
74340
74340
74340
74340
74340
74340
74340
74340
74341
74345
74348
74350
74351
74351
74354
74354
74361
74361
74361
74358
74357
74358
74357
74358
74361
74360
74358
74358
74358
74358
74358
74356
74355
74355
74356
74356
74356
74356
74356
74356
74356
74356
74356
74357
74357
74356
74355
74356
74356
74356
74357
74356
74357
74358
74359
74357
74353
74351
74349
74349
74350
74351
74352
74354
74354
74353
74355
74355
74357
74357
74357
74355
74355
74354
74354
74354
74354
74354
74354
74356
74365
74364
74366
74367
74369
74368
74370
74367
74368
74370
74370
74371
74372
74372
74372
74372
74373
74373
74374
74372
74372
74372
74367
74368
74370
74369
74369
74369
74369
74368
74368
74367
74361
74360
74361
74356
74354
74354
74354
74354
74353
74354
74355
74355
74354
74354
74352
74350
74351
74350
74350
74352
74352
74352
74352
74352
74350
74349
74349
74348
74349
74349
74348
74348
74347
74347
74350
74347
74346
74346
74347
74348
74348
74348
74348
74347
74346
74346
74346
74345
74346
74347
74347
74349
74348
74347
74344
74343
74342
74342
74342
74343
74343
74343
74343
74344
74344
74345
74344
74344
74344
74340
74340
74342
74343
74344
74345
74345
74346
74350
74353
74353
74353
74352
74352
74351
74342
74353
74353
74353
74350
74350
74351
74352
74338
74338
74333
74334
74334
74334
74335
74336
74336
74339
74339
74339
74339
74335
74335
74335
74333
74332
74332
74330
74330
74330
74330
74331
74333
74333
74333
74331
74330
74330
74330
74330
74328
74326
74328
74328
74328
74328
74325
74325
74324
74324
74324
74323
74323
74322
74322
74322
74319
74317
74318
74318
74318
74318
74318
74318
74318
74318
74314
74313
74313
74313
74313
74312
74308
74308
74308
74309
74311
74314
74316
74316
74314
74314
74314
74314
74315
74315
74315
74316
74316
74316
74318
74319
74319
74319
74319
74319
74319
74319
74319
74319
74319
74324
74324
74327
74328
74329
74329
74329
74329
74329
74329
74329
74329
74329
74329
74329
74329
74329
74330
74331
74331
74331
74331
74334
74334
74334
74334
74334
74334
74335
74335
74335
74335
74335
74335
74334
74331
74330
74330
74329
74330
74330
74330
74330
74331
74331
74331
74333
74333
74333
74335
74334
74333
74335
74335
74335
74335
74335
74333
74333
74334
74335
74334
74333
74331
74331
74331
74331
74331
74331
74332
74332
74332
74333
74337
74339
74339
74339
74339
74339
74339
74339
74340
74337
74336
74336
74336
74336
74335
74337
74337
74337
74337
74337
74334
74334
74336
74334
74335
74334
74334
74336
74340
74344
74340
74340
74338
74334
74334
74335
74336
74336
74336
74336
74336
74336
74336
74338
74339
74339
74336
74337
74338
74338
74337
74336
74336
74336
74335
74335
74335
74334
74333
74334
74332
74332
74331
74330
74329
74329
74331
74331
74331
74331
74331
74331
74331
74331
74330
74330
74329
74330
74329
74328
74328
74328
74328
74330
74329
74329
74330
74332
74331
74331
74331
74332
74332
74332
74332
74333
74332
74333
74334
74334
74333
74334
74334
74334
74334
74334
74334
74337
74337
74338
74340
74343
74344
74344
74344
74344
74344
74346
74348
74348
74349
74349
74349
74349
74352
74353
74353
74353
74356
74357
74357
74354
74356
74358
74359
74359
74359
74361
74361
74349
74350
74349
74351
74351
74351
74350
74351
74351
74353
74354
74352
74352
74352
74350
74350
74351
74351
74351
74352
74352
74352
74353
74354
74354
74356
74356
74356
74356
74353
74353
74353
74353
74354
74354
74354
74354
74354
74354
74354
74356
74356
74357
74357
74355
74353
74353
74352
74352
74352
74352
74352
74352
74352
74352
74352
74352
74352
74352
74352
74352
74352
74352
74352
74352
74352
74352
74352
74352
74352
74352
74352
74353
74351
74351
74350
74348
74348
74348
74348
74348
74349
74349
74348
74348
74348
74348
74348
74348
74348
74348
74348
74348
74348
74343
74343
74344
74344
74344
74344
74344
74344
74344
74344
74342
74342
74338
74340
74339
74339
74339
74339
74338
74338
74338
74337
74336
74337
74337
74337
74337
74337
74337
74337
74337
74338
74338
74338
74338
74337
74337
74331
74331
74331
74331
74331
74333
74334
74334
74334
74333
74333
74333
74333
74333
74333
74333
74333
74333
74333
74332
74333
74334
74334
74335
74337
74337
74337
74337
74337
74338
74338
74338
74338
74338
74338
74338
74338
74334
74334
74334
74338
74339
74339
74339
74339
74340
74340
74339
74339
74339
74347
74347
74346
74347
74348
74348
74348
74347
74348
74349
74349
74349
74349
74348
74349
74349
74348
74348
74348
74349
74350
74350
74350
74350
74350
74354
74354
74352
74352
74353
74353
74353
74353
74353
74353
74353
74353
74353
74353
74353
74353
74353
74353
74353
74353
74353
74353
74353
74353
74353
74353
74353
74353
74353
74349
74349
74347
74347
74347
74348
74348
74348
74352
74352
74352
74352
74352
74352
74352
74352
74352
74352
74352
74351
74351
74350
74350
74349
74349
74349
74349
74351
74353
74353
74353
74354
74355
74356
74356
74356
74356
74356
74356
74356
74356
74356
74356
74356
74356
74356
74356
74356
74356
74354
74355
74355
74355
74349
74348
74348
74353
74354
74354
74354
74353
74353
74349
74349
74349
74349
74349
74349
74349
74349
74349
74349
74349
74356
74356
74355
74355
74354
74354
74354
74354
74354
74350
74350
74350
74350
74350
74350
74354
74354
74354
74356
74356
74356