74481
74481
74481
74477
74476
74477
74477
74479
74481
74481
74480
74480
74479
74480
74481
74481
74481
74481
74482
74481
74481
74481
74481
74481
74481
74481
74481
74481
74481
74481
74479
74479
74476
74476
74478
74477
74477
74477
74477
74477
74477
74475
74473
74473
74473
74473
74473
74473
74473
74473
74473
74473
74473
74473
74473
74477
74478
74478
74478
74478
74478
74478
74478
74478
74478
74478
74477
74478
74479
74478
74478
74477
74476
74477
74476
74475
74476
74475
74475
74474
74474
74472
74468
74469
74468
74468
74469
74469
74468
74467
74468
74467
74465
74465
74465
74465
74465
74465
74465
74465
74467
74467
74467
74467
74467
74470
74471
74469
74470
74470
74471
74471
74469
74468
74467
74465
74467
74467
74467
74466
74467
74468
74468
74468
74469
74470
74470
74472
74472
74471
74471
74467
74467
74467
74467
74465
74466
74465
74465
74465
74465
74467
74468
74467
74467
74467
74465
74467
74465
74464
74464
74462
74463
74463
74461
74461
74460
74459
74456
74456
74456
74455
74455
74454
74455
74456
74456
74457
74457
74457
74453
74453
74452
74451
74451
74452
74452
74451
74452
74452
74452
74451
74451
74452
74451
74452
74451
74451
74452
74451
74452
74451
74453
74454
74454
74456
74456
74456
74457
74458
74458
74456
74457
74457
74457
74457
74456
74457
74461
74461
74461
74462
74465
74465
74474
74477
74477
74477
74472
74474
74473
74472
74472
74473
74474
74474
74475
74474
74474
74474
74474
74475
74478
74478
74477
74478
74478
74478
74479
74479
74478
74479
74477
74477
74473
74474
74473
74473
74470
74470
74468
74464
74465
74461
74463
74464
74464
74464
74465
74469
74469
74467
74468
74467
74465
74466
74466
74466
74465
74466
74465
74462
74462
74461
74461
74461
74462
74466
74465
74465
74464
74463
74466
74467
74467
74467
74467
74467
74466
74462
74462
74461
74462
74464
74463
74464
74464
74464
74467
74470
74468
74468
74470
74471
74471
74467
74467
74468
74470
74471
74471
74471
74469
74468
74468
74468
74469
74470
74472
74471
74472
74472
74472
74472
74472
74472
74472
74472
74472
74472
74472
74472
74472
74478
74474
74473
74471
74472
74472
74470
74468
74467
74467
74468
74468
74467
74467
74467
74466
74464
74464
74464
74464
74466
74467
74463
74463
74463
74464
74465
74466
74467
74467
74469
74469
74471
74470
74469
74465
74468
74472
74469
74469
74468
74468
74468
74468
74468
74468
74469
74471
74473
74475
74474
74472
74472
74471
74471
74473
74473
74469
74469
74465
74465
74464
74460
74459
74458
74458
74458
74458
74457
74457
74457
74452
74451
74448
74445
74445
74445
74447
74447
74442
74442
74442
74442
74442
74442
74442
74447
74449
74449
74449
74450
74451
74450
74450
74451
74450
74451
74450
74449
74449
74450
74450
74450
74450
74451
74450
74450
74450
74451
74450
74448
74447
74447
74447
74447
74447
74449
74449
74449
74449
74449
74449
74447
74447
74447
74446
74447
74447
74447
74446
74444
74444
74447
74448
74449
74448
74448
74443
74441
74439
74439
74439
74439
74435
74437
74438
74437
74437
74436
74432
74432
74430
74428
74423
74423
74423
74424
74425
74424
74421
74419
74419
74419
74416
74414
74408
74405
74408
74410
74410
74410
74410
74416
74418
74421
74423
74424
74424
74424
74426
74427
74428
74429
74430
74435
74436
74439
74440
74444
74446
74446
74447
74447
74448
74448
74447
74449
74449
74455
74456
74460
74459
74458
74455
74455
74455
74458
74459
74459
74458
74458
74458
74457
74457
74457
74457
74457
74459
74459
74460
74459
74460
74459
74459
74462
74461
74460
74461
74462
74464
74462
74465
74467
74467
74465
74470
74471
74468
74467
74466
74465
74465
74463
74462
74457
74459
74458
74457
74457
74455
74455
74455
74456
74457
74458
74459
74459
74460
74460
74457
74457
74457
74460
74461
74461
74461
74460
74460
74460
74460
74460
74459
74460
74460
74460
74460
74460
74460
74460
74459
74461
74461
74461
74461
74462
74462
74462
74462
74462
74462
74467
74467
74466
74465
74464
74463
74464
74459
74461
74460
74463
74465
74464
74464
74461
74461
74461
74460
74460
74457
74457
74455
74455
74453
74452
74455
74458
74459
74459
74457
74457
74460
74459
74460
74457
74458
74456
74455
74454
74455
74455
74455
74455
74455
74455
74455
74455
74456
74460
74460
74462
74462
74457
74457
74457
74458
74460
74459
74459
74460
74460
74460
74459
74459
74460
74461
74460
74457
74457
74457
74459
74457
74456
74455
74455
74453
74453
74455
74454
74453
74454
74454
74456
74458
74458
74459
74458
74456
74457
74460
74459
74459
74459
74458
74459
74459
74460
74460
74460
74460
74460
74461
74461
74463
74463
74463
74461
74458
74461
74461
74460
74460
74460
74460
74460
74460
74460
74461
74461
74460
74460
74456
74455
74454
74453
74454
74455
74455
74455
74455
74456
74456
74457
74457
74459
74460
74460
74460
74460
74458
74458
74459
74456
74454
74454
74453
74453
74454
74455
74456
74454
74454
74454
74453
74453
74453
74453
74451
74447
74445
74444
74443
74443
74443
74443
74442
74442
74441
74439
74439
74439
74438
74438
74439
74438
74438
74438
74441
74443
74442
74440
74436
74435
74433
74432
74428
74424
74423
74425
74423
74419
74417
74417
74418
74417
74417
74419
74418
74419
74419
74419
74423
74423
74424
74428
74426
74424
74424
74424
74423
74423
74421
74420
74418
74418
74421
74425
74425
74425
74424
74428
74426
74426
74429
74430
74428
74425
74424
74421
74422
74422
74422
74422
74418
74420
74420
74420
74419
74417
74418
74419
74420
74422
74422
74422
74422
74420
74418
74418
74418
74415
74418
74418
74417
74419
74420
74417
74417
74417
74416
74414
74411
74413
74413
74415
74415
74414
74411
74405
74403
74400
74391
74388
74386
74383
74383
74386
74386
74383
74381
74381
74381
74381
74379
74379
74379
74379
74380
74381
74381
74381
74383
74383
74383
74386
74386
74387
74387
74390
74390
74390
74389
74385
74385
74385
74385
74389
74387
74387
74386
74386
74389
74389
74388
74386
74385
74385
74385
74385
74384
74384
74384
74387
74391
74390
74390
74387
74387
74381
74380
74380
74379
74379
74379
74379
74379
74379
74379
74382
74383
74384
74382
74379
74379
74380
74378
74378
74377
74377
74378
74378
74380
74381
74382
74383
74385
74385
74386
74387
74390
74392
74394
74397
74395
74394
74393
74393
74394
74393
74393
74391
74392
74395
74395
74392
74389
74389
74388
74389
74389
74387
74387
74386
74383
74383
74384
74388
74388
74391
74387
74386
74386
74386
74386
74386
74387
74387
74387
74392
74388
74388
74389
74388
74388
74387
74386
74387
74387
74387
74387
74387
74387
74387
74390
74390
74390
74390
74390
74391
74391
74389
74389
74390
74390
74390
74392
74392
74390
74390
74394
74398
74398
74398
74398
74398
74402
74403
74402
74402
74402
74402
74401
74401
74400
74399
74401
74403
74403
74402
74404
74404
74403
74403
74404
74405
74405
74405
74405
74405
74404
74406
74409
74394
74394
74394
74394
74393
74393
74394
74394
74400
74391
74390
74389
74390
74394
74396
74394
74394
74394
74394
74394
74394
74394
74392
74392
74392
74392
74392
74392
74392
74393
74393
74393
74393
74394
74394
74394
74398
74398
74398
74394
74394
74395
74398
74398
74397
74399
74399
74399
74399
74399
74399
74399
74399
74399
74399
74399
74399
74399
74399
74399
74399
74399
74398
74398
74397
74397
74397
74397
74397
74397
74397
74397
74397
74397
74398
74398
74398
74398
74400
74400
74404
74404
74404
74404
74403
74403
74403
74403
74403
74403
74403
74403
74403
74403
74403
74403
74404
74404
74404
74404
74404
74404
74405
74405
74406
74406
74406
74406
74405
74405
74405
74409
74410
74413
74419
74419
74419
74417
74417
74418
74417
74424
74430
74431
74430
74425
74426
74426
74425
74425
74423
74422
74421
74422
74422
74422
74422
74422
74422
74422
74427
74423
74420
74421
74425
74425
74425
74425
74425
74425
74426
74426
74423
74423
74422
74421
74422
74425
74425
74426
74426
74426
74425
74426
74428
74428
74428
74430
74430
74426
74422
74421
74421
74421
74422
74421
74421
74421
74419
74412
74413
74411
74411
74408
74408
74408
74399
74401
74412
74412
74412
74412
74413
74412
74408
74408
74408
74408
74395
74395
74400
74402
74403
74405
74404
74404
74404
74404
74404
74405
74405
74405
74407
74407
74407
74406
74406
74410
74414
74412
74410
74410
74410
74414
74414
74414
74414
74414
74414
74414
74415
74414
74414
74410
74409
74407
74407
74407
74401
74401
74400
74401
74401
74401
74401
74402
74402
74402
74402
74406
74408
74412
74408
74408
74408
74408
74408
74409
74410
74409
74409
74407
74411
74413
74416
74417
74416
74416
74417
74416
74416
74416
74418
74419
74419
74420
74420
74421
74422
74420
74421
74421
74423
74423
74426
74426
74425
74416
74416
74417
74417
74417
74417
74417
74419
74420
74421
74419
74419
74421
74421
74421
74422
74422
74421
74421
74424
74423
74421
74421
74421
74421
74420
74420
74420
74420
74420
74420
74421
74421
74425
74425
74427
74427
74425
74427
74426
74427
74426
74426
74427
74427
74425
74428
74427
74428
74428
74429
74430
74430
74430
74430
74429
74428
74428
74425
74425
74426
74425
74425
74425
74424
74425
74425
74427
74426
74430
74430
74430
74430
74430
74430
74426
74426
74424
74424
74424
74424
74425
74425
74424
74425
74425
74425
74426
74424
74424
74424
74424
74424
74424
74428
74428
74428
74428
74425
74424
74424
74425
74425
74424
74425
74426
74426
74425
74425
74425
74430
74431
74431
74431
74431
74430
74431
74431
74433
74433
74433
74433
74434
74434
74434
74433
74434
74430
74434
74437
74438
74439
74438
74438
74441
74441
74442
74440
74440
74442
74440
74440
74440
74439
74439
74439
74440
74442
74442
74442
74445
74444
74444
74443
74443
74439
74439
74434
74434
74435
74434
74433
74431
74433
74423
74424
74424
74424
74424
74425
74424
74424
74423
74421
74420
74418
74416
74417
74416
74416
74418
74421
74422
74423
74425
74426
74426
74426
74427
74428
74430
74432
74432
74430
74426
74425
74426
74426
74425
74424
74424
74424
74424
74427
74429
74429
74430
74429
74429
74429
74429
74429
74428
74428
74428
74428
74428
74423
74422
74420
74418
74418
74421
74422
74422
74421
74417
74420
74420
74420
74421
74419
74417
74415
74414
74413
74414
74417
74417
74416
74416
74416
74415
74414
74415
74416
74416
74415
74415
74415
74415
74415
74415
74413
74413
74413
74413
74411
74410
74412
74413
74417
74422
74422
74422
74423
74422
74421
74419
74420
74423
74423
74423
74426
74426
74426
74428
74430
74425
74426
74426
74426
74426
74423
74421
74419
74420
74421
74418
74420
74420
74424
74425
74425
74425
74424
74424
74424
74421
74422
74422
74422
74422
74422
74423
74423
74424
74427
74431
74431
74431
74430
74431
74431
74434
74434
74432
74432
74432
74432
74432
74432
74434
74433
74433
74433
74433
74432
74431
74431
74431
74430
74431
74428
74428
74430
74429
74428
74433
74433
74434
74433
74433
74433
74433
74433
74433
74433
74433
74433
74433
74433
74433
74434
74430
74431
74431
74431
74431
74431
74433
74432
74431
74431
74431
74433
74433
74435
74436
74436
74436
74436
74432
74432
74432
74432
74432
74432
74432
74432
74431
74431
74431
74431
74431
74428
74426
74426
74426
74425
74425
74426
74426
74426
74426
74426
74428
74428
74428
74428
74428
74428
74428
74429
74429
74429
74430
74430
74433
74434
74435
74435
74435
74434
74435
74435
74436
74436
74436
74438
74435
74435
74434
74434
74435
74435
74437
74439
74439
74439
74440
74444
74444
74444
74444
74445
74444
74445
74446
74445
74444
74444
74444
74444
74444
74444
74444
74447
74447
74447
74447
74447
74445
74441
74437
74437
74433
74429
74429
74427
74424
74424
74422
74423
74424
74425
74424
74424
74424
74424
74424
74424
74419
74419
74418
74416
74415
74415
74416
74416
74414
74411
74410
74410
74410
74410
74410
74416
74416
74416
74416
74416
74416
74415
74415
74416
74416
74416
74416
74416
74415
74415
74413
74413
74414
74415
74417
74417
74417
74416
74415
74417
74416
74417
74417
74416
74417
74416
74417
74412
74414
74418
74417
74417
74417
74418
74422
74422
74422
74422
74421
74422
74422
74421
74422
74423
74422
74422
74423
74423
74422
74423
74426
74427
74427
74427
74427
74427
74427
74428
74427
74427
74428
74428
74427
74427
74426
74423
74426
74428
74428
74427
74426
74426
74426
74426
74427
74427
74427
74424
74424
74422
74422
74422
74422
74418
74418
74420
74420
74421
74422
74422
74420
74420
74420
74419
74421
74422
74422
74422
74422
74422
74421
74420
74421
74421
74420
74420
74421
74421
74419
74419
74416
74418
74418
74418
74421
74421
74421
74421
74421
74421
74418
74418
74417
74416
74416
74418
74418
74418
74420
74420
74420
74420
74420
74420
74420
74420
74423
74424
74425
74425
74425
74425
74425
74425
74424
74424
74424
74424
74424
74424
74424
74424
74424
74424
74423
74420
74418
74418
74418
74417
74417
74417
74419
74423
74423
74425
74427
74429
74429
74429
74429
74429
74429
74429
74429
74429
74429
74429
74429
74431
74430
74429
74431
74430
74430
74430
74430
74431
74433
74433
74433
74433
74433
74433
74434
74429
74429
74429
74429
74428
74430
74430
74430
74430
74430
74432
74432
74431
74431
74430
74431
74430
74431
74434
74437
74440
74440
74440
74441
74439
74440
74439
74438
74438
74439
74439
74443
74445
74447
74450
74451
74453
74452
74450
74451
74451
74451
74448
74448
74449
74449
74449
74449
74446
74445
74446
74446
74446
74444
74444
74447
74447
74449
74449
74451
74451
74448
74447
74446
74446
74446
74446
74449
74449
74449
74449
74451
74451
74451
74451
74450
74447
74447
74450
74448
74448
74448
74450
74450
74450
74450
74450
74449
74449
74449
74449
74448
74450
74452
74455
74455
74453
74452
74454
74454
74454
74452
74451
74449
74446
74447
74447
74447
74447
74446
74446
74447
74446
74446
74446
74446
74447
74448
74449
74449
74448
74446
74446
74447
74448
74447
74447
74447
74447
74448
74448
74450
74450
74451
74451
74452
74451
74452
74451
74448
74448
74448
74448
74448
74448
74451
74451
74454
74452
74451
74452
74452
74447
74447
74447
74447
74447
74447
74447
74446
74446
74444
74445
74446
74448
74448
74448
74450
74450
74451
74451
74450
74450
74450
74450
74450
74450
74450
74449
74449
74449
74447
74447
74447
74446
74447
74448
74451
74454
74456
74452
74452
74452
74452
74452
74450
74449
74449
74448
74448
74447
74447
74447
74447
74446
74446
74447
74446
74446
74447
74451
74452
74443
74442
74442
74440
74440
74440
74440
74442
74445
74446
74446
74444
74443
74446
74443
74444
74445
74445
74445
74444
74444
74444
74443
74443
74443
74443
74444
74443
74443
74443
74442
74442
74443
74444
74445
74445
74444
74445
74448
74445
74445
74445
74445
74443
74444
74443
74443
74441
74441
74442
74442
74442
74443
74442
74442
74442
74439
74440
74440
74441
74441
74441
74440
74439
74439
74439
74439
74439
74439
74439
74435
74434
74431
74430
74429
74431
74432
74432
74432
74432
74432
74433
74432
74433
74434
74434
74433
74432
74432
74431
74431
74431
74431
74431
74430
74429
74428
74428
74430
74430
74431
74430
74430
74430
74433
74436
74436
74436
74436
74439
74441
74441
74443
74443
74443
74443
74443
74446
74446
74446
74444
74443
74443
74441
74441
74440
74443
74443
74441
74440
74440
74438
74438
74436
74435
74436
74438
74439
74438
74438
74438
74441
74441
74441
74441
74441
74441
74441
74441
74441
74443
74441
74440
74439
74438
74435
74439
74440
74441
74439
74440
74440
74440
74439
74439
74437
74436
74436
74436
74435
74434
74435
74436
74436
74437
74437
74437
74437
74437
74437
74437
74444
74445
74447
74453
74453
74456
74458
74459
74458
74456
74456
74453
74453
74453
74452
74452
74452
74452
74452
74452
74451
74451
74451
74451
74451
74451
74451
74451
74453
74452
74454
74455
74457
74457
74457
74457
74457
74458
74458
74458
74455
74453
74453
74454
74453
74456
74456
74456
74456
74453
74454
74454
74453
74450
74448
74447
74447
74447
74442
74440
74440
74440
74439
74438
74438
74438
74438
74442
74442
74439
74439
74439
74439
74437
74437
74437
74437
74437
74437
74437
74437
74437
74437
74438
74439
74439
74439
74439
74439
74438
74442
74443
74443
74443
74443
74443
74443
74443
74444
74443
74443
74441
74440
74441
74444
74444
74444
74444
74444
74443
74443
74443
74443
74442
74442
74442
74442
74442
74443
74443
74444
74444
74446
74446
74445
74446
74449
74450
74451
74450
74450
74449
74453
74453
74453
74453
74453
74455
74453
74453
74455
74454
74454
74447
74444
74444
74444
74442
74440
74438
74438
74438
74430
74432
74432
74432
74433
74432
74432
74429
74429
74430
74430
74430
74430
74430
74430
74430
74430
74433
74433
74433
74435
74436
74437
74440
74440
74440
74438
74438
74437
74435
74435
74434
74433
74433
74433
74434
74434
74435
74435
74435
74435
74435
74434
74434
74435
74435
74433
74433
74433
74432
74432
74432
74432
74432
74429
74428
74427
74425
74424
74424
74426
74428
74429
74429
74429
74431
74431
74431
74431
74431
74434
74434
74434
74434
74434
74434
74434
74435
74435
74435
74435
74435
74438
74438
74437
74437
74435
74435
74435
74435
74435
74434
74434
74434
74434
74433
74433
74433
74433
74433
74433
74436
74436
74437
74437
74437
74437
74437
74437
74437
74437
74438
74436
74433
74433
74433
74433
74433
74434
74434
74434
74434
74434
74434
74432
74432
74432
74432
74432
74432
74432
74432
74432
74432
74432
74429
74430
74432
74430
74430
74429
74429
74428
74429
74429
74430
74431
74431
74431
74431
74429
74428
74428
74429
74429
74429
74428
74428
74428
74428
74428
74427
74427
74427
74427
74427
74429
74429
74430
74428
74429
74429
74429
74429
74429
74430
74431
74431
74431
74431
74435
74435
74434
74428
74429
74431
74431
74434
74434
74435
74434
74434
74435
74437
74437
74437
74436
74438
74438
74438
74439
74439
74439
74439
74439
74438
74439
74442
74442
74442
74441
74440
74440
74440
74440
74440
74440
74438
74437
74437
74440
74441
74441
74442
74442
74442
74443
74443
74443
74445
74445
74445
74445
74445
74445
74445
74445
74444
74443
74443
74444
74444
74444
74439
74438
74439
74439
74438
74439
74438
74440
74440
74440
74440
74440
74440
74442
74445
74445
74444
74444
74444
74443
74442
74442
74442
74439
74438
74438
74441
74440
74440
74442
74442
74441
74441
74441
74439
74439
74439
74439
74439
74439
74439
74439
74439
74439
74439
74440
74440
74438
74438
74436
74436
74436
74436
74438
74438
74438
74438
74438
74438
74438
74438
74438
74438
74441
74439
74439
74438
74438
74438
74438
74438
74438
74440
74440
74440
74442
74442
74443
74442
74439
74439
74442
74440
74440
74440
74440
74439
74439
74445
74445
74445
74447
74447
74447
74447
74441
74441
74442
74441
74441
74441
74441
74440
74440
74440
74440
74440
74441
74443
74443
74441
74441
74441
74440
74440
74439
74439
74439
74439
74439
74439
74439
74440
74440
74440
74439
74439
74439
74439
74438
74438
74438
74438
74439
74439
74439
74438
74438
74438
74438
74437
74438
74438
74438
74438
74438
74439
74440
74441
74441
74441
74441
74442
74444
74445
74444
74443
74444
74445
74445
74445
74445
74445
74446
74446
74445
74445
74445
74443
74444
74445
74445
74444
74445
74445
74445
74446
74446
74446
74448
74448
74450
74450
74450
74451
74449
74449
74449
74448
74448
74448
74448
74449
74450
74450
74450
74450
74450
74450
74450
74448
74448
74449
74449
74449
74449
74450
74449
74450
74450
74450
74451
74452
74452
74452
74452
74451
74451
74451
74451
74449
74452
74452
74452
74457
74458
74457
74457
74457
74457
74458
74458
74457
74457
74457
74457
74457
74457
74457
74457
74457
74455
74456
74457
74457
74457
74457
74457
74452
74447
74445
74445
74445
74444
74444
74444
74445
74445
74445
74448
74444
74444
74441
74440
74440
74440
74440
74439
74439
74440
74440
74440
74440
74439
74439
74438
74438
74437
74434
74432
74431
74428
74427
74433
74434
74435
74435
74435
74435
74435
74437
74438
74439
74439
74443
74443
74443
74443
74443
74442
74442
74442
74442
74442
74441
74441
74442
74444
74442
74442
74442
74440
74440
74440
74441
74441
74440
74441
74441
74441
74440
74440
74440
74440
74440
74440
74440
74440
74440
74441
74438
74437
74433
74432
74431
74431
74431
74431
74431
74431
74431
74431
74431
74431
74431
74432
74432
74432
74432
74432
74432
74432
74432
74432
74432
74432
74432
74433
74433
74433
74432
74432
74432
74431
74431
74431
74431
74435
74435
74435
74435
74435
74435
74439
74439
74438
74438
74438
74438
74438
74438
74438
74438
74439
74439
74440
74440
74440
74442
74442
74442
74442
74442
74442
74442
74440
74440
74440
74440
74438
74438
74438
74438
74438
74438
74437
74438
74438
74438
74438
74436
74435
74434
74432
74432
74432
74432
74434
74434
74434
74434
74435
74435
74438
74438
74439
74439
74438
74436
74435
74430
74430
74430
74430
74432
74432
74432
74432
74433
74433
74433
74431
74431
74432
74432
74431
74432
74432
74432
74432
74432
74431
74431
74431
74431
74431
74430
74432
74432
74432
74429
74430
74430
74431
74432
74432
74432
74432
74434
74434
74434
74431
74430
74429
74429
74430
74430
74430
74431
74431
74436
74436
74437
74437
74437
74436
74436
74436
74435
74434
74433
74433
74433
74433
74432
74432
74433
74435
74440
74440
74441
74435
74432
74432
74433
74432
74433
74430
74430
74430
74430
74430
74432
74432
74433
74433
74431
74431
74431
74431
74431
74433
74429
74429
74428
74423
74423
74428
74428
74428
74428
74428
74428
74429
74429
74429
74427
74424
74423
74423
74423
74424
74424
74421
74421
74421
74421
74421
74421
74421
74421
74421
74421
74421
74421
74421
74421
74422
74422
74422
74427
74427
74427
74427
74424
74424
74424
74425
74423
74423
74423
74424
74424
74425
74426
74426
74426
74427
74427
74427
74426
74424
74424
74423
74421
74418
74417
